package model;

public class Distance {

    private static double[][] distances = new double[27][27];
	// coloca as distâncias entre uma cidade e outra
    public Distance()
    {
    	distances[0][0] = 0;
    	distances[1][1] = 0;
		distances[1][2] = 2079;
		distances[1][3] = 1578;
		distances[1][4] = 6000;
		distances[1][5] = 1652;
		distances[1][6] = 2765;
		distances[1][7] = 2775;
		distances[1][8] = 2595;
		distances[1][9] = 2892;
		distances[1][10] = 1183;
		distances[1][11] = 1848;
		distances[1][12] = 611;
		distances[1][13] = 294;
		distances[1][14] = 5215;
		distances[1][15] = 788;
		distances[1][16] = 1662;
		distances[1][17] = 3296;
		distances[1][18] = 4230;
		distances[1][19] = 501;
		distances[1][20] = 4763;
		distances[1][21] = 1855;
		distances[1][22] = 356;
		distances[1][23] = 1578;
		distances[1][24] = 2187;
		distances[1][25] = 1142;
		distances[1][26] = 1408;
		distances[2][1] = 2079;
		distances[2][2] = 0;
		distances[2][3] = 2824;
		distances[2][4] = 6083;
		distances[2][5] = 2120;
		distances[2][6] = 2942;
		distances[2][7] = 2941;
		distances[2][8] = 3193;
		distances[2][9] = 3500;
		distances[2][10] = 1610;
		distances[2][11] = 2017;
		distances[2][12] = 2161;
		distances[2][13] = 2173;
		distances[2][14] = 5298;
		distances[2][15] = 2108;
		distances[2][16] = 1283;
		distances[2][17] = 3852;
		distances[2][18] = 4397;
		distances[2][19] = 2074;
		distances[2][20] = 4931;
		distances[2][21] = 3250;
		distances[2][22] = 2100;
		distances[2][23] = 806;
		distances[2][24] = 2933;
		distances[2][25] = 947;
		distances[2][26] = 3108;
		distances[3][1] = 1578;
		distances[3][2] = 2824;
		distances[3][3] = 0;
		distances[3][4] = 4736;
		distances[3][5] = 716;
		distances[3][6] = 1453;
		distances[3][7] = 1594;
		distances[3][8] = 1004;
		distances[3][9] = 1301;
		distances[3][10] = 2528;
		distances[3][11] = 906;
		distances[3][12] = 2171;
		distances[3][13] = 1854;
		distances[3][14] = 3951;
		distances[3][15] = 2348;
		distances[3][16] = 1690;
		distances[3][17] = 1712;
		distances[3][18] = 3050;
		distances[3][19] = 2061;
		distances[3][20] = 3584;
		distances[3][21] = 434;
		distances[3][22] = 1372;
		distances[3][23] = 2738;
		distances[3][24] = 586;
		distances[3][25] = 2302;
		distances[3][26] = 524;
		distances[4][1] = 6000;
		distances[4][2] = 6083;
		distances[4][3] = 4736;
		distances[4][4] = 0;
		distances[4][5] = 4275;
		distances[4][6] = 3836;
		distances[4][7] = 3142;
		distances[4][8] = 4821;
		distances[4][9] = 5128;
		distances[4][10] = 6548;
		distances[4][11] = 4076;
		distances[4][12] = 6593;
		distances[4][13] = 6279;
		distances[4][14] = 785;
		distances[4][15] = 6770;
		distances[4][16] = 4926;
		distances[4][17] = 5348;
		distances[4][18] = 1686;
		distances[4][19] = 6483;
		distances[4][20] = 2230;
		distances[4][21] = 5159;
		distances[4][22] = 5794;
		distances[4][23] = 6120;
		distances[4][24] = 4756;
		distances[4][25] = 6052;
		distances[4][26] = 5261;
		distances[5][1] = 1652;
		distances[5][2] = 2120;
		distances[5][3] = 716;
		distances[5][4] = 4275;
		distances[5][5] = 0;
		distances[5][6] = 1134;
		distances[5][7] = 1133;
		distances[5][8] = 1366;
		distances[5][9] = 1673;
		distances[5][10] = 2200;
		distances[5][11] = 209;
		distances[5][12] = 2245;
		distances[5][13] = 1930;
		distances[5][14] = 3490;
		distances[5][15] = 2422;
		distances[5][16] = 973;
		distances[5][17] = 2027;
		distances[5][18] = 2589;
		distances[5][19] = 2135;
		distances[5][20] = 3123;
		distances[5][21] = 1148;
		distances[5][22] = 1446;
		distances[5][23] = 2157;
		distances[5][24] = 1015;
		distances[5][25] = 1789;
		distances[5][26] = 1239;
		distances[6][1] = 2765;
		distances[6][2] = 2942;
		distances[6][3] = 1453;
		distances[6][4] = 3836;
		distances[6][5] = 1134;
		distances[6][6] = 0;
		distances[6][7] = 694;
		distances[6][8] = 991;
		distances[6][9] = 1298;
		distances[6][10] = 3407;
		distances[6][11] = 935;
		distances[6][12] = 3357;
		distances[6][13] = 3040;
		distances[6][14] = 3051;
		distances[6][15] = 3534;
		distances[6][16] = 1785;
		distances[6][17] = 1518;
		distances[6][18] = 2150;
		distances[6][19] = 3247;
		distances[6][20] = 2684;
		distances[6][21] = 1444;
		distances[6][22] = 2568;
		distances[6][23] = 2979;
		distances[6][24] = 1014;
		distances[6][25] = 2911;
		distances[6][26] = 1892;
		distances[7][1] = 2775;
		distances[7][2] = 2941;
		distances[7][3] = 1594;
		distances[7][4] = 3142;
		distances[7][5] = 1133;
		distances[7][6] = 694;
		distances[7][7] = 0;
		distances[7][8] = 1679;
		distances[7][9] = 1986;
		distances[7][10] = 3406;
		distances[7][11] = 934;
		distances[7][12] = 3366;
		distances[7][13] = 3049;
		distances[7][14] = 2357;
		distances[7][15] = 3543;
		distances[7][16] = 1784;
		distances[7][17] = 2206;
		distances[7][18] = 1456;
		distances[7][19] = 3255;
		distances[7][20] = 1990;
		distances[7][21] = 2017;
		distances[7][22] = 2566;
		distances[7][23] = 2978;
		distances[7][24] = 1614;
		distances[7][25] = 2910;
		distances[7][26] = 2119;
		distances[8][1] = 2595;
		distances[8][2] = 3193;
		distances[8][3] = 1004;
		distances[8][4] = 4821;
		distances[8][5] = 1366;
		distances[8][6] = 991;
		distances[8][7] = 1679;
		distances[8][8] = 0;
		distances[8][9] = 300;
		distances[8][10] = 3541;
		distances[8][11] = 1186;
		distances[8][12] = 3188;
		distances[8][13] = 2871;
		distances[8][14] = 4036;
		distances[8][15] = 3365;
		distances[8][16] = 2036;
		distances[8][17] = 711;
		distances[8][18] = 3135;
		distances[8][19] = 3078;
		distances[8][20] = 3669;
		distances[8][21] = 852;
		distances[8][22] = 2385;
		distances[8][23] = 3230;
		distances[8][24] = 408;
		distances[8][25] = 3143;
		distances[8][26] = 1300;
		distances[9][1] = 2892;
		distances[9][2] = 3500;
		distances[9][3] = 1301;
		distances[9][4] = 5128;
		distances[9][5] = 1673;
		distances[9][6] = 1298;
		distances[9][7] = 1986;
		distances[9][8] = 300;
		distances[9][9] = 0;
		distances[9][10] = 3838;
		distances[9][11] = 1493;
		distances[9][12] = 3485;
		distances[9][13] = 3168;
		distances[9][14] = 4443;
		distances[9][15] = 3662;
		distances[9][16] = 2336;
		distances[9][17] = 476;
		distances[9][18] = 3442;
		distances[9][19] = 3375;
		distances[9][20] = 3976;
		distances[9][21] = 1144;
		distances[9][22] = 2682;
		distances[9][23] = 3537;
		distances[9][24] = 705;
		distances[9][25] = 3450;
		distances[9][26] = 1597;
		distances[10][1] = 1183;
		distances[10][2] = 1610;
		distances[10][3] = 2528;
		distances[10][4] = 6548;
		distances[10][5] = 2200;
		distances[10][6] = 3407;
		distances[10][7] = 3406;
		distances[10][8] = 3541;
		distances[10][9] = 3838;
		distances[10][10] = 0;
		distances[10][11] = 2482;
		distances[10][12] = 688;
		distances[10][13] = 1075;
		distances[10][14] = 5763;
		distances[10][15] = 537;
		distances[10][16] = 2035;
		distances[10][17] = 4242;
		distances[10][18] = 4862;
		distances[10][19] = 800;
		distances[10][20] = 5396;
		distances[10][21] = 2805;
		distances[10][22] = 1389;
		distances[10][23] = 1070;
		distances[10][24] = 3127;
		distances[10][25] = 634;
		distances[10][26] = 2397;
		distances[11][1] = 1848;
		distances[11][2] = 2017;
		distances[11][3] = 906;
		distances[11][4] = 4076;
		distances[11][5] = 209;
		distances[11][6] = 935;
		distances[11][7] = 934;
		distances[11][8] = 1186;
		distances[11][9] = 1493;
		distances[11][10] = 2482;
		distances[11][11] = 0;
		distances[11][12] = 2442;
		distances[11][13] = 2125;
		distances[11][14] = 3291;
		distances[11][15] = 2618;
		distances[11][16] = 874;
		distances[11][17] = 1847;
		distances[11][18] = 2390;
		distances[11][19] = 2332;
		distances[11][20] = 2924;
		distances[11][21] = 1338;
		distances[11][22] = 1643;
		distances[11][23] = 2054;
		distances[11][24] = 926;
		distances[11][25] = 1986;
		distances[11][26] = 1428;
		distances[12][1] = 611;
		distances[12][2] = 2161;
		distances[12][3] = 2171;
		distances[12][4] = 6593;
		distances[12][5] = 2245;
		distances[12][6] = 3357;
		distances[12][7] = 3366;
		distances[12][8] = 3188;
		distances[12][9] = 3485;
		distances[12][10] = 688;
		distances[12][11] = 2442;
		distances[12][12] = 0;
		distances[12][13] = 395;
		distances[12][14] = 5808;
		distances[12][15] = 185;
		distances[12][16] = 2253;
		distances[12][17] = 3889;
		distances[12][18] = 4822;
		distances[12][19] = 120;
		distances[12][20] = 5356;
		distances[12][21] = 2448;
		distances[12][22] = 949;
		distances[12][23] = 1660;
		distances[12][24] = 2770;
		distances[12][25] = 1224;
		distances[12][26] = 2001;
		distances[13][1] = 294;
		distances[13][2] = 2173;
		distances[13][3] = 1854;
		distances[13][4] = 6279;
		distances[13][5] = 1930;
		distances[13][6] = 3040;
		distances[13][7] = 3049;
		distances[13][8] = 2871;
		distances[13][9] = 3168;
		distances[13][10] = 1075;
		distances[13][11] = 2125;
		distances[13][12] = 395;
		distances[13][13] = 0;
		distances[13][14] = 5491;
		distances[13][15] = 572;
		distances[13][16] = 1851;
		distances[13][17] = 3572;
		distances[13][18] = 4505;
		distances[13][19] = 285;
		distances[13][20] = 5039;
		distances[13][21] = 2131;
		distances[13][22] = 632;
		distances[13][23] = 1672;
		distances[13][24] = 2453;
		distances[13][25] = 1236;
		distances[13][26] = 1684;
		distances[14][1] = 5215;
		distances[14][2] = 5298;
		distances[14][3] = 3951;
		distances[14][4] = 785;
		distances[14][5] = 3490;
		distances[14][6] = 3051;
		distances[14][7] = 2357;
		distances[14][8] = 4036;
		distances[14][9] = 4443;
		distances[14][10] = 5763;
		distances[14][11] = 3291;
		distances[14][12] = 5808;
		distances[14][13] = 5491;
		distances[14][14] = 0;
		distances[14][15] = 5985;
		distances[14][16] = 4141;
		distances[14][17] = 4563;
		distances[14][18] = 901;
		distances[14][19] = 5698;
		distances[14][20] = 1445;
		distances[14][21] = 4374;
		distances[14][22] = 5009;
		distances[14][23] = 5335;
		distances[14][24] = 3971;
		distances[14][25] = 5267;
		distances[14][26] = 4476;
		distances[15][1] = 788;
		distances[15][2] = 2108;
		distances[15][3] = 2348;
		distances[15][4] = 6770;
		distances[15][5] = 2422;
		distances[15][6] = 3534;
		distances[15][7] = 3543;
		distances[15][8] = 3365;
		distances[15][9] = 3662;
		distances[15][10] = 537;
		distances[15][11] = 2618;
		distances[15][12] = 185;
		distances[15][13] = 572;
		distances[15][14] = 5985;
		distances[15][15] = 0;
		distances[15][16] = 2345;
		distances[15][17] = 4066;
		distances[15][18] = 4998;
		distances[15][19] = 297;
		distances[15][20] = 5533;
		distances[15][21] = 2625;
		distances[15][22] = 1126;
		distances[15][23] = 1607;
		distances[15][24] = 2947;
		distances[15][25] = 1171;
		distances[15][26] = 2178;
		distances[16][1] = 1662;
		distances[16][2] = 1283;
		distances[16][3] = 1690;
		distances[16][4] = 4926;
		distances[16][5] = 973;
		distances[16][6] = 1785;
		distances[16][7] = 1784;
		distances[16][8] = 2036;
		distances[16][9] = 2336;
		distances[16][10] = 2035;
		distances[16][11] = 874;
		distances[16][12] = 2253;
		distances[16][13] = 1851;
		distances[16][14] = 4141;
		distances[16][15] = 2345;
		distances[16][16] = 0;
		distances[16][17] = 2747;
		distances[16][18] = 2758;
		distances[16][19] = 2058;
		distances[16][20] = 3764;
		distances[16][21] = 2124;
		distances[16][22] = 1454;
		distances[16][23] = 1386;
		distances[16][24] = 1776;
		distances[16][25] = 1401;
		distances[16][26] = 2214;
		distances[17][1] = 3296;
		distances[17][2] = 3852;
		distances[17][3] = 1712;
		distances[17][4] = 5348;
		distances[17][5] = 2027;
		distances[17][6] = 1518;
		distances[17][7] = 2206;
		distances[17][8] = 711;
		distances[17][9] = 476;
		distances[17][10] = 4242;
		distances[17][11] = 1847;
		distances[17][12] = 3889;
		distances[17][13] = 3572;
		distances[17][14] = 4563;
		distances[17][15] = 4066;
		distances[17][16] = 2747;
		distances[17][17] = 0;
		distances[17][18] = 3662;
		distances[17][19] = 3779;
		distances[17][20] = 4196;
		distances[17][21] = 1553;
		distances[17][22] = 3090;
		distances[17][23] = 3891;
		distances[17][24] = 1109;
		distances[17][25] = 3804;
		distances[17][26] = 2001;
		distances[18][1] = 4230;
		distances[18][2] = 4397;
		distances[18][3] = 3050;
		distances[18][4] = 1686;
		distances[18][5] = 2589;
		distances[18][6] = 2150;
		distances[18][7] = 1456;
		distances[18][8] = 3135;
		distances[18][9] = 3442;
		distances[18][10] = 4862;
		distances[18][11] = 2390;
		distances[18][12] = 4822;
		distances[18][13] = 4505;
		distances[18][14] = 901;
		distances[18][15] = 4998;
		distances[18][16] = 0;
		distances[18][17] = 3662;
		distances[18][18] = 0;
		distances[18][19] = 4712;
		distances[18][20] = 544;
		distances[18][21] = 3473;
		distances[18][22] = 4023;
		distances[18][23] = 4434;
		distances[18][24] = 3070;
		distances[18][25] = 4366;
		distances[18][26] = 3575;
		distances[19][1] = 501;
		distances[19][2] = 2074;
		distances[19][3] = 2061;
		distances[19][4] = 6483;
		distances[19][5] = 2135;
		distances[19][6] = 3247;
		distances[19][7] = 3255;
		distances[19][8] = 3078;
		distances[19][9] = 3375;
		distances[19][10] = 800;
		distances[19][11] = 2332;
		distances[19][12] = 120;
		distances[19][13] = 285;
		distances[19][14] = 5698;
		distances[19][15] = 297;
		distances[19][16] = 2058;
		distances[19][17] = 3779;
		distances[19][18] = 4712;
		distances[19][19] = 0;
		distances[19][20] = 5243;
		distances[19][21] = 2338;
		distances[19][22] = 839;
		distances[19][23] = 1573;
		distances[19][24] = 2660;
		distances[19][25] = 1137;
		distances[19][26] = 1831;
		distances[20][1] = 4763;
		distances[20][2] = 4931;
		distances[20][3] = 3584;
		distances[20][4] = 2230;
		distances[20][5] = 3123;
		distances[20][6] = 2684;
		distances[20][7] = 1990;
		distances[20][8] = 3669;
		distances[20][9] = 3976;
		distances[20][10] = 5396;
		distances[20][11] = 2924;
		distances[20][12] = 5356;
		distances[20][13] = 5039;
		distances[20][14] = 1445;
		distances[20][15] = 5533;
		distances[20][16] = 3764;
		distances[20][17] = 4196;
		distances[20][18] = 544;
		distances[20][19] = 5243;
		distances[20][20] = 0;
		distances[20][21] = 4007;
		distances[20][22] = 4457;
		distances[20][23] = 4968;
		distances[20][24] = 3604;
		distances[20][25] = 4900;
		distances[20][26] = 4109;
		distances[21][1] = 1855;
		distances[21][2] = 3250;
		distances[21][3] = 434;
		distances[21][4] = 5159;
		distances[21][5] = 1148;
		distances[21][6] = 1444;
		distances[21][7] = 2017;
		distances[21][8] = 852;
		distances[21][9] = 1144;
		distances[21][10] = 2805;
		distances[21][11] = 1338;
		distances[21][12] = 2448;
		distances[21][13] = 2131;
		distances[21][14] = 4374;
		distances[21][15] = 2625;
		distances[21][16] = 2124;
		distances[21][17] = 1553;
		distances[21][18] = 3473;
		distances[21][19] = 2338;
		distances[21][20] = 4007;
		distances[21][21] = 0;
		distances[21][22] = 1649;
		distances[21][23] = 3015;
		distances[21][24] = 429;
		distances[21][25] = 2579;
		distances[21][26] = 521;
		distances[22][1] = 356;
		distances[22][2] = 2100;
		distances[22][3] = 1372;
		distances[22][4] = 5794;
		distances[22][5] = 1446;
		distances[22][6] = 2568;
		distances[22][7] = 2566;
		distances[22][8] = 2385;
		distances[22][9] = 2682;
		distances[22][10] = 1389;
		distances[22][11] = 1643;
		distances[22][12] = 949;
		distances[22][13] = 632;
		distances[22][14] = 5009;
		distances[22][15] = 1126;
		distances[22][16] = 1454;
		distances[22][17] = 3090;
		distances[22][18] = 4023;
		distances[22][19] = 839;
		distances[22][20] = 4457;
		distances[22][21] = 1649;
		distances[22][22] = 0;
		distances[22][23] = 1599;
		distances[22][24] = 1962;
		distances[22][25] = 1163;
		distances[22][26] = 1202;
		distances[23][1] = 1578;
		distances[23][2] = 806;
		distances[23][3] = 2738;
		distances[23][4] = 6120;
		distances[23][5] = 2157;
		distances[23][6] = 2979;
		distances[23][7] = 2978;
		distances[23][8] = 3230;
		distances[23][9] = 3537;
		distances[23][10] = 1070;
		distances[23][11] = 2054;
		distances[23][12] = 1660;
		distances[23][13] = 1672;
		distances[23][14] = 5335;
		distances[23][15] = 1607;
		distances[23][16] = 1386;
		distances[23][17] = 3891;
		distances[23][18] = 4434;
		distances[23][19] = 1573;
		distances[23][20] = 4968;
		distances[23][21] = 3015;
		distances[23][22] = 1599;
		distances[23][23] = 0;
		distances[23][24] = 2970;
		distances[23][25] = 446;
		distances[23][26] = 2607;
		distances[24][1] = 2187;
		distances[24][2] = 2933;
		distances[24][3] = 586;
		distances[24][4] = 4756;
		distances[24][5] = 1015;
		distances[24][6] = 1014;
		distances[24][7] = 1614;
		distances[24][8] = 408;
		distances[24][9] = 705;
		distances[24][10] = 3127;
		distances[24][11] = 926;
		distances[24][12] = 2770;
		distances[24][13] = 2453;
		distances[24][14] = 3971;
		distances[24][15] = 2947;
		distances[24][16] = 1776;
		distances[24][17] = 1109;
		distances[24][18] = 3070;
		distances[24][19] = 2660;
		distances[24][20] = 3604;
		distances[24][21] = 429;
		distances[24][22] = 1962;
		distances[24][23] = 2970;
		distances[24][24] = 0;
		distances[24][25] = 2792;
		distances[24][26] = 882;
		distances[25][1] = 1142;
		distances[25][2] = 947;
		distances[25][3] = 2302;
		distances[25][4] = 6052;
		distances[25][5] = 1789;
		distances[25][6] = 2911;
		distances[25][7] = 2910;
		distances[25][8] = 3143;
		distances[25][9] = 3450;
		distances[25][10] = 634;
		distances[25][11] = 1986;
		distances[25][12] = 1224;
		distances[25][13] = 1236;
		distances[25][14] = 5267;
		distances[25][15] = 1171;
		distances[25][16] = 1401;
		distances[25][17] = 3804;
		distances[25][18] = 4366;
		distances[25][19] = 1137;
		distances[25][20] = 4900;
		distances[25][21] = 2579;
		distances[25][22] = 1163;
		distances[25][23] = 446;
		distances[25][24] = 2792;
		distances[25][25] = 0;
		distances[25][26] = 2171;
		distances[26][1] = 1408;
		distances[26][2] = 3108;
		distances[26][3] = 524;
		distances[26][4] = 5261;
		distances[26][5] = 1239;
		distances[26][6] = 1892;
		distances[26][7] = 2119;
		distances[26][8] = 1300;
		distances[26][9] = 1597;
		distances[26][10] = 2397;
		distances[26][11] = 1428;
		distances[26][12] = 2001;
		distances[26][13] = 1684;
		distances[26][14] = 4476;
		distances[26][15] = 2178;
		distances[26][16] = 2214;
		distances[26][17] = 2001;
		distances[26][18] = 3575;
		distances[26][19] = 1831;
		distances[26][20] = 4109;
		distances[26][21] = 521;
		distances[26][22] = 1202;
		distances[26][23] = 2607;
		distances[26][24] = 882;
		distances[26][25] = 2171;
		distances[26][26] = 0;
    }
    
    public double GetDistance(int a, int b)
    {
        return distances[a][b];	
    }
}
